[-61, -39, -336]
[-58, -94, -372]
[-112, -121, -394]
[-114, -149, -401]
[-122, -126, -348]
[-165, -180, -355]
[-186, -155, -319]
[-228, -157, -326]
[-216, -102, -328]
[-250, -102, -354]
[-250, -62, -360]
[-201, -19, -381]
[-232, 23, -402]
[-195, 26, -329]
[-206, 34, -434]
[-169, 70, -336]
[-151, 93, -379]
[-145, 73, -377]
[-131, 73, -357]
[-114, 86, -294]
[-80, 58, -280]
[-62, 66, -239]
[-16, 85, -257]
[-47, 122, -289]
[-49, 140, -256]
[-21, 163, -285]
[-2, 157, -277]
[16, 120, -272]
[47, 144, -363]
[50, 148, -356]
[89, 159, -350]
[106, 113, -381]
[100, 91, -323]
[108, 99, -364]
[135, 46, -430]
[95, 29, -365]
[118, 24, -356]
[99, -3, -320]
[143, 6, -322]
[139, -27, -262]
[139, -20, -321]
[164, 22, -293]
[192, -9, -316]
[243, -56, -364]
[227, -84, -334]
[190, -83, -418]
[185, -70, -427]
[152, -70, -454]
[138, -90, -416]
[107, -44, -416]
[37, -34, -341]
[16, -66, -389]
[-21, -114, -390]
[-26, -60, -401]
[-44, -48, -357]
[-67, -104, -394]
[-27, -111, -359]
[2, -86, -332]
[-12, -92, -364]
[25, -128, -384]
[49, -101, -376]
[94, -116, -322]
[110, -72, -300]
[75, -81, -331]
[49, -112, -356]
[95, -151, -358]
[120, -169, -350]
[93, -125, -297]
[164, -148, -276]
[175, -164, -313]
[161, -164, -340]
[114, -198, -346]
[110, -201, -356]
[78, -186, -353]
[46, -158, -316]
[31, -134, -229]
[20, -126, -298]
[10, -112, -250]
[10, -72, -250]
[9, -59, -214]
[-46, -40, -240]
[-26, -102, -274]
[-33, -135, -259]
[-36, -154, -266]
[-27, -191, -253]
[21, -173, -213]
[-3, -193, -178]
[67, -223, -269]
[67, -230, -276]
[13, -200, -267]
[27, -218, -398]
[-7, -211, -414]
[-9, -188, -438]
[-44, -212, -434]
[-52, -157, -410]
[-104, -209, -369]
[-121, -206, -342]
[-133, -148, -278]
[-124, -209, -270]
[-85, -170, -251]
[-132, -191, -233]
[-97, -215, -240]
[-120, -164, -266]
[-60, -102, -260]
[-127, -103, -240]
[-115, -102, -216]
[-129, -85, -213]
[-119, -64, -239]
[-157, -48, -306]
[-160, 18, -260]
[-110, 8, -280]
[-130, 48, -290]
[-62, 44, -272]
[-110, 48, -280]
[-105, 63, -252]
[-178, 46, -294]
[-209, 62, -231]
[-187, -4, -323]
[-232, 18, -352]
[-209, 68, -230]
[-234, 110, -222]
[-205, 123, -254]
[-238, 135, -302]
[-217, 162, -324]
[-193, 132, -350]
[-209, 164, -376]
[-186, 144, -418]
[-120, 138, -390]
[-108, 168, -362]
[-78, 152, -320]
[-103, 198, -286]
[-90, 174, -243]
[-64, 200, -248]
[-106, 225, -293]
[-107, 171, -324]
[-93, 157, -270]
[-65, 200, -240]
[-33, 186, -289]
[-78, 229, -302]
[-95, 239, -288]
[-94, 224, -276]
[-48, 189, -219]
[-57, 200, -174]
[-9, 185, -222]
[-10, 138, -189]
[6, 95, -185]
[24, 79, -165]
[49, 108, -218]
[28, 82, -198]
[24, 64, -183]
[-12, 94, -228]
[-41, 159, -234]
[-24, 102, -166]
[-49, 136, -125]
[-14, 96, -109]
[-21, 109, -101]
[-25, 120, -120]
[-4, 163, -130]
[-4, 145, -148]
[2, 163, -175]
[12, 209, -210]
[-21, 200, -164]
[-33, 252, -198]
[-83, 239, -234]
[-109, 222, -194]
[-79, 198, -177]
[-110, 229, -196]
[-73, 194, -258]
[-123, 192, -278]
[-103, 159, -282]
[-145, 171, -292]
[-157, 159, -231]
[-114, 178, -189]
[-102, 160, -176]
[-102, 169, -162]
[-125, 153, -102]
[-167, 176, -100]
[-139, 138, -40]
[-144, 100, -69]
[-127, 52, -86]
[-131, 48, -113]
[-140, 41, -143]
[-160, 27, -135]
[-140, 49, -81]
[-164, 23, -120]
[-160, 26, -84]
[-194, 90, -79]
[-185, 81, -59]
[-233, 110, -106]
[-202, 115, -136]
[-231, 96, -168]
[-185, 80, -218]
[-214, 53, -180]
[-193, 56, -168]
[-174, 15, -186]
[-179, 48, -148]
[-164, 14, -123]
[-131, 52, -81]
[-100, 30, -100]
[-116, -14, -108]
[-189, -13, -175]
[-217, -37, -173]
[-191, -90, -170]
[-227, -79, -271]
[-174, -79, -216]
[-224, -94, -302]
[-180, -92, -306]
[-168, -66, -300]
[-160, -40, -289]
[-151, -72, -256]
[-147, -58, -198]
[-134, -52, -191]
[-128, -40, -173]
[-160, -60, -158]
[-131, -41, -117]
[-130, -40, -87]
[-101, -27, -68]
[-120, 19, -39]
[-127, 20, -20]
[-99, 8, 3]
[-116, 20, 56]
[-116, 35, 76]
[-58, 36, 75]
[-99, 29, 79]
[-97, 4, 68]
[-120, -43, 123]
[-169, -37, 120]
[-149, -36, 91]
[-107, -46, 42]
[-104, -20, -4]
[-96, -12, -45]
[-89, -24, -76]
[-76, -29, -64]
[-116, -2, -76]
[-77, -38, -57]
[-109, 2, -62]
[-80, -24, -64]
[-112, -37, -14]
[-116, -47, -22]
[-99, -68, 2]
[-141, -113, 49]
[-182, -171, 6]
[-191, -153, -32]
[-191, -157, -84]
[-160, -184, -130]
[-182, -156, -158]
[-156, -160, -188]
[-182, -149, -211]
[-125, -139, -202]
[-141, -158, -232]
[-77, -168, -161]
[-110, -192, -239]
[-100, -198, -172]
[-109, -211, -146]
[-70, -207, -150]
[-105, -209, -114]
[-31, -176, -143]
[-33, -212, -145]
[-58, -171, -129]
[-130, -62, -110]
[-38, -180, -134]
[-31, -182, -145]
[-52, -191, -122]
[-34, -190, -104]
[-88, -152, -54]
[-27, -165, -36]
[-77, -127, 4]
[-74, -162, 35]
[-47, -110, 48]
[-26, -145, 79]
[-48, -116, 90]
[-62, -130, 133]
[-57, -134, 80]
[-84, -157, 48]
[-67, -165, 41]
[-37, -129, -29]
[-16, -125, -57]
[23, -90, -38]
[-17, -112, -57]
[11, -109, -35]
[20, -155, -47]
[54, -170, -70]
[60, -181, -81]
[53, -159, -148]
[50, -160, -153]
[101, -176, -173]
[42, -176, -188]
[80, -161, -254]
[60, -194, -314]
[76, -191, -372]
[34, -166, -403]
[79, -183, -374]
[93, -175, -367]
[90, -205, -398]
[108, -224, -346]
[93, -199, -350]
[152, -197, -359]
[204, -252, -398]
[209, -249, -414]
[176, -202, -440]
[117, -156, -327]
[142, -162, -295]
[109, -62, -294]
[105, -115, -270]
[70, -135, -243]
[70, -106, -244]
[82, -83, -232]
[61, -106, -196]
[91, -83, -194]
[83, -93, -128]
[88, -94, -88]
[57, -111, -103]
[51, -95, -146]
[76, -162, -138]
[111, -146, -124]
[65, -132, -104]
[66, -128, -43]
[38, -89, -48]
[48, -94, -33]
[72, -101, 29]
[47, -97, 65]
[70, -124, 38]
[117, -137, 24]
[105, -112, -28]
[142, -75, -56]
[125, -72, -56]
[167, -84, -100]
[161, -51, -132]
[208, -82, -158]
[181, -83, -192]
[176, -79, -174]
[249, -118, -222]
[204, -56, -284]
[205, -48, -282]
[203, -32, -240]
[180, -67, -255]
[189, -31, -218]
[176, -28, -192]
[157, -72, -196]
[106, -21, -202]
[94, -25, -208]
[67, -49, -167]
[66, -37, -130]
[79, -44, -162]
[75, 8, -192]
[119, -25, -251]
[161, -41, -194]
[116, -4, -210]
[131, 7, -153]
[141, -37, -205]
[124, 10, -172]
[126, 33, -147]
[152, 50, -139]
[151, 14, -153]
[140, 18, -90]
[159, 44, -98]
[150, 94, -74]
[157, 73, -141]
[142, 91, -143]
[162, 119, -168]
[174, 73, -218]
[166, 125, -239]
[187, 138, -266]
[192, 88, -305]
[237, 154, -326]
[180, 141, -330]
[172, 183, -302]
[157, 118, -220]
[149, 167, -242]
[180, 184, -215]
[150, 216, -210]
[90, 179, -167]
[92, 160, -183]
[146, 237, -226]
[154, 253, -281]
[108, 206, -216]
[170, 224, -317]
[202, 225, -325]
[185, 168, -350]
[209, 167, -321]
[165, 110, -326]
[222, 67, -213]
[224, 85, -282]
[150, 53, -223]
[185, 30, -156]
[192, 43, -182]
[185, 0, -145]
[149, 4, -128]
[131, -7, -139]
[115, -2, -139]
[95, -3, -129]
[100, 27, -61]
[93, 24, -58]
[114, -23, -14]
[122, -12, -7]
[101, -21, 60]
[83, 20, 75]
[51, 11, 91]
[64, 55, 89]
[62, 77, 114]
[48, 134, 88]
[54, 135, 24]
[36, 152, 8]
[26, 89, 0]
[14, 120, -30]
[-22, 120, -22]
[-43, 139, -19]
[-22, 129, 20]
[-91, 152, 32]
[-112, 142, 42]
[-119, 158, 51]
[-112, 96, 74]
[-125, 88, 119]
[-95, 57, 119]
[-85, 84, 133]
[-43, 45, 93]
[-6, 85, 79]
[30, 90, 90]
[52, 91, 99]
[69, 53, 98]
[100, 30, 94]
[95, 20, 87]
[117, -3, 111]
[100, 4, 111]
[99, 11, 164]
[72, -24, 166]
[86, -14, 170]
[45, -25, 164]
[17, 22, 137]
[-9, 15, 144]
[-18, 17, 149]
[-21, -17, 137]
[-68, -34, 184]
[-22, -82, 141]
[-44, -72, 144]
[-66, -150, 157]
[-70, -151, 157]
[-39, -159, 137]
[-3, -157, 113]
[-10, -143, 87]
[24, -133, 74]
[55, -131, 71]
[32, -130, 109]
[88, -100, 88]
[48, -59, 118]
[71, -84, 125]
[23, -79, 153]
[28, -22, 138]
[43, -59, 174]
[39, -44, 209]
[-66, -14, 192]
[-105, 10, 229]
[-94, 70, 252]
[-122, 25, 276]
[-81, 51, 215]
[-62, 82, 209]
[-24, 72, 196]
[-21, 63, 183]
[-24, 72, 176]
[62, 92, 190]
[68, 108, 246]
[58, 64, 186]
[114, 66, 212]
[65, 1, 208]
[79, 20, 239]
[91, 14, 252]
[79, -22, 266]
[92, -12, 293]
[71, -36, 316]
[79, -19, 332]
[78, -64, 399]
[21, -32, 323]
[14, -18, 324]
[-11, -14, 359]
[-13, 0, 393]
[-4, 0, 406]
[48, 30, 423]
[37, -4, 414]
[31, -50, 453]
[-6, -21, 446]
[-11, 4, 430]
[9, 23, 400]
[-30, 54, 370]
[-36, 45, 325]
[-35, 38, 310]
[-43, 34, 277]
[7, 35, 231]
[-40, -26, 244]
[-24, -50, 282]
[-57, -49, 294]
[-6, -44, 233]
[0, -95, 282]
[48, -76, 234]
[48, -114, 288]
[19, -88, 255]
[70, -97, 242]
[68, -94, 223]
[46, -144, 170]
[18, -132, 172]
[48, -128, 142]