-061 -039 -336
-058 -094 -372
-112 -121 -394
-114 -149 -401
-122 -126 -348
-165 -180 -355
-186 -155 -319
-228 -157 -326
-216 -102 -328
-250 -102 -354
-250 -062 -360
-201 -019 -381
-232 +023 -402
-195 +026 -329
-206 +034 -434
-169 +070 -336
-151 +093 -379
-145 +073 -377
-131 +073 -357
-114 +086 -294
-080 +058 -280
-062 +066 -239
-016 +085 -257
-047 +122 -289
-049 +140 -256
-021 +163 -285
-002 +157 -277
+016 +120 -272
+047 +144 -363
+050 +148 -356
+089 +159 -350
+106 +113 -381
+100 +091 -323
+108 +099 -364
+135 +046 -430
+095 +029 -365
+118 +024 -356
+099 -003 -320
+143 +006 -322
+139 -027 -262
+139 -020 -321
+164 +022 -293
+192 -009 -316
+243 -056 -364
+227 -084 -334
+190 -083 -418
+185 -070 -427
+152 -070 -454
+138 -090 -416
+107 -044 -416
+037 -034 -341
+016 -066 -389
-021 -114 -390
-026 -060 -401
-044 -048 -357
-067 -104 -394
-027 -111 -359
+002 -086 -332
-012 -092 -364
+025 -128 -384
+049 -101 -376
+094 -116 -322
+110 -072 -300
+075 -081 -331
+049 -112 -356
+095 -151 -358
+120 -169 -350
+093 -125 -297
+164 -148 -276
+175 -164 -313
+161 -164 -340
+114 -198 -346
+110 -201 -356
+078 -186 -353
+046 -158 -316
+031 -134 -229
+020 -126 -298
+010 -112 -250
+010 -072 -250
+009 -059 -214
-046 -040 -240
-026 -102 -274
-033 -135 -259
-036 -154 -266
-027 -191 -253
+021 -173 -213
-003 -193 -178
+067 -223 -269
+067 -230 -276
+013 -200 -267
+027 -218 -398
-007 -211 -414
-009 -188 -438
-044 -212 -434
-052 -157 -410
-104 -209 -369
-121 -206 -342
-133 -148 -278
-124 -209 -270
-085 -170 -251
-132 -191 -233
-097 -215 -240
-120 -164 -266
-060 -102 -260
-127 -103 -240
-115 -102 -216
-129 -085 -213
-119 -064 -239
-157 -048 -306
-160 +018 -260
-110 +008 -280
-130 +048 -290
-062 +044 -272
-110 +048 -280
-105 +063 -252
-178 +046 -294
-209 +062 -231
-187 -004 -323
-232 +018 -352
-209 +068 -230
-234 +110 -222
-205 +123 -254
-238 +135 -302
-217 +162 -324
-193 +132 -350
-209 +164 -376
-186 +144 -418
-120 +138 -390
-108 +168 -362
-078 +152 -320
-103 +198 -286
-090 +174 -243
-064 +200 -248
-106 +225 -293
-107 +171 -324
-093 +157 -270
-065 +200 -240
-033 +186 -289
-078 +229 -302
-095 +239 -288
-094 +224 -276
-048 +189 -219
-057 +200 -174
-009 +185 -222
-010 +138 -189
+006 +095 -185
+024 +079 -165
+049 +108 -218
+028 +082 -198
+024 +064 -183
-012 +094 -228
-041 +159 -234
-024 +102 -166
-049 +136 -125
-014 +096 -109
-021 +109 -101
-025 +120 -120
-004 +163 -130
-004 +145 -148
+002 +163 -175
+012 +209 -210
-021 +200 -164
-033 +252 -198
-083 +239 -234
-109 +222 -194
-079 +198 -177
-110 +229 -196
-073 +194 -258
-123 +192 -278
-103 +159 -282
-145 +171 -292
-157 +159 -231
-114 +178 -189
-102 +160 -176
-102 +169 -162
-125 +153 -102
-167 +176 -100
-139 +138 -040
-144 +100 -069
-127 +052 -086
-131 +048 -113
-140 +041 -143
-160 +027 -135
-140 +049 -081
-164 +023 -120
-160 +026 -084
-194 +090 -079
-185 +081 -059
-233 +110 -106
-202 +115 -136
-231 +096 -168
-185 +080 -218
-214 +053 -180
-193 +056 -168
-174 +015 -186
-179 +048 -148
-164 +014 -123
-131 +052 -081
-100 +030 -100
-116 -014 -108
-189 -013 -175
-217 -037 -173
-191 -090 -170
-227 -079 -271
-174 -079 -216
-224 -094 -302
-180 -092 -306
-168 -066 -300
-160 -040 -289
-151 -072 -256
-147 -058 -198
-134 -052 -191
-128 -040 -173
-160 -060 -158
-131 -041 -117
-130 -040 -087
-101 -027 -068
-120 +019 -039
-127 +020 -020
-099 +008 +003
-116 +020 +056
-116 +035 +076
-058 +036 +075
-099 +029 +079
-097 +004 +068
-120 -043 +123
-169 -037 +120
-149 -036 +091
-107 -046 +042
-104 -020 -004
-096 -012 -045
-089 -024 -076
-076 -029 -064
-116 -002 -076
-077 -038 -057
-109 +002 -062
-080 -024 -064
-112 -037 -014
-116 -047 -022
-099 -068 +002
-141 -113 +049
-182 -171 +006
-191 -153 -032
-191 -157 -084
-160 -184 -130
-182 -156 -158
-156 -160 -188
-182 -149 -211
-125 -139 -202
-141 -158 -232
-077 -168 -161
-110 -192 -239
-100 -198 -172
-109 -211 -146
-070 -207 -150
-105 -209 -114
-031 -176 -143
-033 -212 -145
-058 -171 -129
-130 -062 -110
-038 -180 -134
-031 -182 -145
-052 -191 -122
-034 -190 -104
-088 -152 -054
-027 -165 -036
-077 -127 +004
-074 -162 +035
-047 -110 +048
-026 -145 +079
-048 -116 +090
-062 -130 +133
-057 -134 +080
-084 -157 +048
-067 -165 +041
-037 -129 -029
-016 -125 -057
+023 -090 -038
-017 -112 -057
+011 -109 -035
+020 -155 -047
+054 -170 -070
+060 -181 -081
+053 -159 -148
+050 -160 -153
+101 -176 -173
+042 -176 -188
+080 -161 -254
+060 -194 -314
+076 -191 -372
+034 -166 -403
+079 -183 -374
+093 -175 -367
+090 -205 -398
+108 -224 -346
+093 -199 -350
+152 -197 -359
+204 -252 -398
+209 -249 -414
+176 -202 -440
+117 -156 -327
+142 -162 -295
+109 -062 -294
+105 -115 -270
+070 -135 -243
+070 -106 -244
+082 -083 -232
+061 -106 -196
+091 -083 -194
+083 -093 -128
+088 -094 -088
+057 -111 -103
+051 -095 -146
+076 -162 -138
+111 -146 -124
+065 -132 -104
+066 -128 -043
+038 -089 -048
+048 -094 -033
+072 -101 +029
+047 -097 +065
+070 -124 +038
+117 -137 +024
+105 -112 -028
+142 -075 -056
+125 -072 -056
+167 -084 -100
+161 -051 -132
+208 -082 -158
+181 -083 -192
+176 -079 -174
+249 -118 -222
+204 -056 -284
+205 -048 -282
+203 -032 -240
+180 -067 -255
+189 -031 -218
+176 -028 -192
+157 -072 -196
+106 -021 -202
+094 -025 -208
+067 -049 -167
+066 -037 -130
+079 -044 -162
+075 +008 -192
+119 -025 -251
+161 -041 -194
+116 -004 -210
+131 +007 -153
+141 -037 -205
+124 +010 -172
+126 +033 -147
+152 +050 -139
+151 +014 -153
+140 +018 -090
+159 +044 -098
+150 +094 -074
+157 +073 -141
+142 +091 -143
+162 +119 -168
+174 +073 -218
+166 +125 -239
+187 +138 -266
+192 +088 -305
+237 +154 -326
+180 +141 -330
+172 +183 -302
+157 +118 -220
+149 +167 -242
+180 +184 -215
+150 +216 -210
+090 +179 -167
+092 +160 -183
+146 +237 -226
+154 +253 -281
+108 +206 -216
+170 +224 -317
+202 +225 -325
+185 +168 -350
+209 +167 -321
+165 +110 -326
+222 +067 -213
+224 +085 -282
+150 +053 -223
+185 +030 -156
+192 +043 -182
+185 +000 -145
+149 +004 -128
+131 -007 -139
+115 -002 -139
+095 -003 -129
+100 +027 -061
+093 +024 -058
+114 -023 -014
+122 -012 -007
+101 -021 +060
+083 +020 +075
+051 +011 +091
+064 +055 +089
+062 +077 +114
+048 +134 +088
+054 +135 +024
+036 +152 +008
+026 +089 +000
+014 +120 -030
-022 +120 -022
-043 +139 -019
-022 +129 +020
-091 +152 +032
-112 +142 +042
-119 +158 +051
-112 +096 +074
-125 +088 +119
-095 +057 +119
-085 +084 +133
-043 +045 +093
-006 +085 +079
+030 +090 +090
+052 +091 +099
+069 +053 +098
+100 +030 +094
+095 +020 +087
+117 -003 +111
+100 +004 +111
+099 +011 +164
+072 -024 +166
+086 -014 +170
+045 -025 +164
+017 +022 +137
-009 +015 +144
-018 +017 +149
-021 -017 +137
-068 -034 +184
-022 -082 +141
-044 -072 +144
-066 -150 +157
-070 -151 +157
-039 -159 +137
-003 -157 +113
-010 -143 +087
+024 -133 +074
+055 -131 +071
+032 -130 +109
+088 -100 +088
+048 -059 +118
+071 -084 +125
+023 -079 +153
+028 -022 +138
+043 -059 +174
+039 -044 +209
-066 -014 +192
-105 +010 +229
-094 +070 +252
-122 +025 +276
-081 +051 +215
-062 +082 +209
-024 +072 +196
-021 +063 +183
-024 +072 +176
+062 +092 +190
+068 +108 +246
+058 +064 +186
+114 +066 +212
+065 +001 +208
+079 +020 +239
+091 +014 +252
+079 -022 +266
+092 -012 +293
+071 -036 +316
+079 -019 +332
+078 -064 +399
+021 -032 +323
+014 -018 +324
-011 -014 +359
-013 +000 +393
-004 +000 +406
+048 +030 +423
+037 -004 +414
+031 -050 +453
-006 -021 +446
-011 +004 +430
+009 +023 +400
-030 +054 +370
-036 +045 +325
-035 +038 +310
-043 +034 +277
+007 +035 +231
-040 -026 +244
-024 -050 +282
-057 -049 +294
-006 -044 +233
+000 -095 +282
+048 -076 +234
+048 -114 +288
+019 -088 +255
+070 -097 +242
+068 -094 +223
+046 -144 +170
+018 -132 +172
+048 -128 +142
